     0   -615   -172   -869   -440  -1060  -1028  -1636   -865   -834 
  -615      0  -1442   -203   -529   -809  -1493  -1279   -971  -1510 
  -172  -1442      0   -816   -455   -817  -1414  -2347   -851   -982 
  -869   -203   -816      0   -512   -284   -482     42   1083  -1955 
  -440   -529   -455   -512      0   -243  -1032   -258   -428   -579 
 -1060   -809   -817   -284   -243      0  -1627   1318    -71  -1957 
 -1028  -1493  -1414   -482  -1032  -1627      0  -1609  -1083   -747 
 -1636  -1279  -2347     42   -258   1318  -1609      0   -459  -2496 
  -865   -971   -851   1083   -428    -71  -1083   -459      0  -1932 
  -834  -1510   -982  -1955   -579  -1957   -747  -2496  -1932      0 
